0 0.360119 0.3431299 0.0509259 0.0404265
0 0.4343584 0.3480902 0.0605158 0.0453869
0 0.4937169 0.3412698 0.0601851 0.0461309
0 0.5606812 0.3567708 0.0591931 0.0463789
0 0.620701 0.3508184 0.0674603 0.0508432
0 0.3513558 0.3877728 0.0605158 0.0453869
0 0.4378306 0.3948412 0.0608465 0.0456349
0 0.5042989 0.3990575 0.0595238 0.0456349
0 0.5628306 0.4091021 0.063492 0.0488591
0 0.6205357 0.3993055 0.0572089 0.0421626
0 0.6301256 0.4413442 0.0591931 0.0438988
0 0.574074 0.4564732 0.0542328 0.0404265
0 0.5191798 0.4460565 0.0608465 0.0458829
0 0.4457671 0.4407242 0.0615079 0.047619
0 0.3616071 0.4329117 0.0598544 0.047371
0 0.375496 0.4905753 0.0618386 0.047123
0 0.4451058 0.4869791 0.0568783 0.0424107
0 0.5 0.5033482 0.0443121 0.0344742
0 0.5583664 0.4993799 0.0572089 0.0424107
0 0.6228505 0.4874751 0.0671296 0.0503472
0 0.3675595 0.5519593 0.0618386 0.047371
0 0.4360119 0.5396825 0.0519179 0.0396825
0 0.4983465 0.546999 0.0608465 0.0443948
0 0.5638227 0.5429067 0.0588624 0.0446428
0 0.625496 0.5380704 0.0671296 0.0513392
