0 0.4021164 0.3686755 0.0615079 0.0458829
0 0.3535052 0.3968253 0.0489417 0.0381944
0 0.4766865 0.3684275 0.0710978 0.0553075
0 0.5415013 0.3726438 0.0585317 0.0448908
0 0.6049933 0.3721478 0.0552248 0.0424107
0 0.6125992 0.422743 0.0625 0.047371
0 0.5494378 0.4205109 0.0532407 0.0399305
0 0.4935515 0.4288194 0.0638227 0.0466269
0 0.4302248 0.4097222 0.0522486 0.0386904
0 0.3842592 0.4335317 0.0641534 0.048115
0 0.4396494 0.4480406 0.0492724 0.0424107
0 0.5024801 0.469246 0.0486111 0.0367063
0 0.5567129 0.4676339 0.0585317 0.0424107
0 0.6147486 0.4734623 0.0542328 0.0391865
0 0.3583002 0.4742063 0.0605158 0.0451388
0 0.4237764 0.4920634 0.0545634 0.0406746
0 0.4935515 0.5203373 0.0644841 0.047619
0 0.5565476 0.5205853 0.0615079 0.047123
0 0.6238425 0.5226934 0.0651455 0.0488591
0 0.3282076 0.5090525 0.0558862 0.0399305
0 0.3758267 0.5332341 0.0591931 0.0456349
0 0.4361772 0.5411706 0.0595238 0.0456349
0 0.495701 0.5689484 0.0502645 0.0381944
0 0.5596891 0.5714285 0.0618386 0.0446428
0 0.6198743 0.5700644 0.0598544 0.0448908
