0 0.3371775 0.4356812 0.0488591 0.0644841
0 0.4319196 0.3835978 0.0374503 0.0522486
0 0.4768105 0.3849206 0.0399305 0.0542328
0 0.5202132 0.4050925 0.0364583 0.0482804
0 0.5615079 0.4411375 0.0411706 0.0568783
0 0.4977678 0.4720568 0.0401785 0.0539021
0 0.4515128 0.4540343 0.0374503 0.0489417
0 0.3976934 0.4801587 0.0453869 0.0595238
0 0.5684523 0.5124007 0.0272817 0.0347222
0 0.5296378 0.5234788 0.0404265 0.0535714
0 0.4650297 0.5520833 0.0461309 0.0585317
0 0.3981894 0.5831679 0.0384424 0.0512566
0 0.5290178 0.5912698 0.0451388 0.0608465
0 0.4680059 0.6494708 0.0451388 0.0601851
