0 0.4725529 0.3209325 0.0396825 0.0292658
0 0.3559854 0.3521825 0.0525793 0.0391865
0 0.4193121 0.3433779 0.0482804 0.0374503
0 0.5305886 0.3422619 0.0684523 0.0510912
0 0.6127645 0.3622271 0.0641534 0.047371
0 0.4761904 0.3725198 0.0661375 0.0510912
0 0.3994708 0.3891369 0.0681216 0.0505952
0 0.3333333 0.4055059 0.0522486 0.0381944
0 0.5429894 0.4037698 0.058201 0.0441468
0 0.6112764 0.4123263 0.067791 0.0518353
0 0.4862764 0.4305555 0.0671296 0.0515873
0 0.3511904 0.4434523 0.0595238 0.0436507
0 0.4133597 0.4470486 0.0641534 0.0493551
0 0.5509259 0.453497 0.0568783 0.0438988
0 0.6157407 0.4625496 0.0562169 0.0421626
0 0.3773148 0.4905753 0.0661375 0.047619
0 0.4525462 0.4961557 0.0631613 0.0453869
0 0.3402777 0.5352182 0.0667989 0.048115
0 0.4032738 0.5425347 0.0433201 0.0339781
0 0.4016203 0.5845734 0.0565476 0.0421626
0 0.5433201 0.5094246 0.063492 0.0461309
0 0.4780092 0.5602678 0.0611772 0.0461309
0 0.5545634 0.5601438 0.0648148 0.0453869
0 0.6068121 0.5112847 0.058201 0.0438988
0 0.6197089 0.5658482 0.0674603 0.0498511
