0 0.433201 0.3237847 0.0661375 0.048363
0 0.5102513 0.3179563 0.0588624 0.0436507
0 0.317791 0.3509424 0.0562169 0.047123
0 0.3781415 0.3616071 0.0625 0.0461309
0 0.4723875 0.3706597 0.0631613 0.047867
0 0.5763888 0.3557787 0.0588624 0.0463789
0 0.5492724 0.3937251 0.0595238 0.0443948
0 0.6269841 0.3815724 0.0608465 0.0458829
0 0.3172949 0.4236111 0.0671296 0.047619
0 0.3936838 0.4176587 0.0750661 0.0555555
0 0.474041 0.438988 0.0684523 0.0510912
0 0.5558862 0.4490327 0.0575396 0.047867
0 0.6347552 0.4249751 0.0578703 0.0429067
0 0.6425264 0.4703621 0.0595238 0.0448908
0 0.4386574 0.4807787 0.0631613 0.046875
0 0.3523478 0.4776785 0.0598544 0.0441468
0 0.3477182 0.5372023 0.0578703 0.0441468
0 0.4047619 0.5249255 0.0601851 0.0498511
0 0.4841269 0.5306299 0.0608465 0.0448908
0 0.5504298 0.5105406 0.0744047 0.0543154
0 0.6423611 0.5179811 0.0671296 0.0508432
0 0.6405423 0.5710565 0.0681216 0.0553075
0 0.5696097 0.5608878 0.0611772 0.047867
0 0.4955357 0.579241 0.0625 0.0453869
0 0.412533 0.5861855 0.0558862 0.0419146
