0 0.3483796 0.3696676 0.0671296 0.0493551
0 0.4079034 0.3516865 0.0644841 0.0496031
0 0.4842923 0.3247767 0.0644841 0.0498511
0 0.5028108 0.3809523 0.0631613 0.0466269
0 0.5714285 0.3529265 0.0753968 0.0595238
0 0.6656746 0.359499 0.0608465 0.0453869
0 0.6036706 0.4030257 0.067791 0.0545634
0 0.6947751 0.4169146 0.0568783 0.0421626
0 0.4069113 0.4060019 0.0565476 0.0411706
0 0.3472222 0.4508928 0.0734126 0.0545634
0 0.469742 0.4370039 0.0658068 0.048115
0 0.5598544 0.4496527 0.0601851 0.0441468
0 0.6474867 0.4632936 0.0727513 0.0545634
0 0.6769179 0.5183531 0.0720899 0.0520833
0 0.5985449 0.4977678 0.0535714 0.0416666
0 0.5252976 0.5119047 0.0552248 0.0411706
0 0.4222883 0.484499 0.0714285 0.0533234
0 0.3191137 0.4993799 0.0734126 0.0528273
0 0.3819444 0.5348462 0.0548941 0.0424107
0 0.4112103 0.5731646 0.0638227 0.047619
0 0.4890873 0.5544394 0.0701058 0.0558035
0 0.4785052 0.6085069 0.0555555 0.0429067
0 0.558201 0.5997023 0.0661375 0.048115
0 0.5983796 0.5529513 0.073082 0.0548115
0 0.6676587 0.5815972 0.074074 0.0550595
