0 0.45916 0.3361855 0.0466269 0.0374503
0 0.5277777 0.3523065 0.0496031 0.0379464
0 0.6124338 0.3617311 0.0522486 0.0409226
0 0.6253306 0.4131944 0.0542328 0.0396825
0 0.5663029 0.3903769 0.0525793 0.0372023
0 0.6583994 0.4428323 0.0462962 0.0334821
0 0.5737433 0.438368 0.0482804 0.0364583
0 0.6170634 0.468874 0.0562169 0.0419146
0 0.5572089 0.4806547 0.0575396 0.0426587
0 0.4953703 0.3845486 0.0357142 0.0275297
0 0.4446097 0.375868 0.0433201 0.0364583
0 0.3831018 0.3903769 0.0505952 0.0396825
0 0.4272486 0.4243551 0.0462962 0.0362103
0 0.4833002 0.4262152 0.0558862 0.0419146
0 0.3715277 0.454117 0.0307539 0.0233134
0 0.4434523 0.4737103 0.0515873 0.0391865
0 0.3814484 0.4909474 0.0532407 0.0409226
0 0.4469246 0.5150049 0.0525793 0.0384424
0 0.3801256 0.5302579 0.0505952 0.0376984
0 0.516369 0.5024801 0.0439814 0.032738
0 0.6273148 0.5189732 0.0515873 0.0364583
0 0.6178902 0.5596478 0.0525793 0.0399305
0 0.5601851 0.5505952 0.05291 0.0396825
0 0.5013227 0.5417906 0.0522486 0.0414186
0 0.4472552 0.563492 0.0459656 0.0357142
