0 0.4965277 0.3411458 0.0466269 0.0364583
0 0.3897156 0.3720238 0.0360449 0.0272817
0 0.449074 0.3700396 0.0436507 0.032738
0 0.5342261 0.3700396 0.0380291 0.0287698
0 0.6288029 0.375248 0.0558862 0.0411706
0 0.5605158 0.3950892 0.0502645 0.0362103
0 0.4895833 0.4078621 0.0525793 0.0389384
0 0.4289021 0.4081101 0.037037 0.0290178
0 0.3814484 0.4339037 0.0492724 0.0354662
0 0.3515211 0.4685019 0.0509259 0.0367063
0 0.4441137 0.453249 0.0429894 0.031498
0 0.5444775 0.4286954 0.0479497 0.0369543
0 0.6152447 0.4213789 0.0459656 0.0342261
0 0.6597222 0.4362599 0.0482804 0.0347222
0 0.5838293 0.4508928 0.0419973 0.0307539
0 0.531746 0.4667658 0.0555555 0.0416666
0 0.6344246 0.4946676 0.0539021 0.0394345
0 0.5780423 0.5017361 0.0469576 0.0352182
0 0.6276455 0.5344742 0.0416666 0.0307539
0 0.5671296 0.5515873 0.0542328 0.0426587
0 0.4907407 0.4900793 0.0496031 0.0362103
0 0.411541 0.4946676 0.0591931 0.0448908
0 0.4107142 0.5488591 0.0496031 0.0372023
0 0.5036375 0.5364583 0.0502645 0.0376984
0 0.4943783 0.5729166 0.0436507 0.0342261
