0 0.6006944 0.3359375 0.0505952 0.0389384
0 0.5372023 0.3396577 0.0492724 0.0394345
0 0.4669312 0.3380456 0.0568783 0.0451388
0 0.4100529 0.3711557 0.0562169 0.0448908
0 0.4689153 0.390749 0.042328 0.0334821
0 0.5054563 0.3727678 0.0459656 0.0347222
0 0.5505952 0.3928571 0.0588624 0.0441468
0 0.6016865 0.3802083 0.0512566 0.0372023
0 0.5934193 0.4197668 0.0565476 0.0419146
0 0.5330687 0.4314236 0.0502645 0.0359623
0 0.4783399 0.4372519 0.0539021 0.0401785
0 0.4165013 0.421875 0.0565476 0.0431547
0 0.3788029 0.4644097 0.0492724 0.0359623
0 0.4270833 0.4755704 0.0466269 0.0359623
0 0.4914021 0.4836309 0.0568783 0.0441468
0 0.547619 0.4755704 0.0575396 0.0429067
0 0.6102843 0.4716021 0.0611772 0.0453869
0 0.604332 0.5174851 0.0565476 0.0409226
0 0.5405092 0.532118 0.0525793 0.0394345
0 0.5310846 0.5664682 0.0429894 0.032242
0 0.4890873 0.5394345 0.0416666 0.03125
0 0.4634589 0.5673363 0.0472883 0.0349702
0 0.3733465 0.515873 0.0469576 0.0342261
0 0.4239417 0.516369 0.0515873 0.0381944
0 0.4088955 0.5615079 0.0605158 0.0446428
