0 0.3984788 0.3335813 0.0654761 0.0550595
0 0.5097552 0.3199404 0.0466269 0.0357142
0 0.4637896 0.3587549 0.0605158 0.046875
0 0.3637566 0.3877728 0.0608465 0.0513392
0 0.4484126 0.4046378 0.0615079 0.0493551
0 0.52166 0.3816964 0.0611772 0.0436507
0 0.5772156 0.3546626 0.0618386 0.0486111
0 0.6369047 0.3666914 0.0615079 0.046875
0 0.6545965 0.4146825 0.0578703 0.0431547
0 0.5818452 0.4346478 0.0598544 0.0448908
0 0.5036375 0.4433283 0.0595238 0.0434027
0 0.4320436 0.4492807 0.0578703 0.0453869
0 0.3741732 0.4422123 0.0572089 0.0406746
0 0.3348214 0.4780505 0.0532407 0.0394345
0 0.3950066 0.4875992 0.0572089 0.0436507
0 0.3420965 0.5298859 0.0591931 0.0448908
0 0.4141865 0.53125 0.0638227 0.0456349
0 0.4664351 0.5021081 0.0572089 0.047867
0 0.3655753 0.578621 0.0426587 0.0337301
0 0.432705 0.5895337 0.0539021 0.0396825
0 0.4965277 0.5496031 0.0625 0.047123
0 0.5398478 0.5073164 0.0499338 0.0394345
0 0.5560515 0.5550595 0.0525793 0.0396825
0 0.6121031 0.4837549 0.0734126 0.0513392
0 0.6122685 0.5398065 0.0710978 0.0553075
