0 0.5130621 0.3177083 0.0598544 0.047123
0 0.5719246 0.3313492 0.0479497 0.0386904
0 0.6018518 0.3696676 0.0555555 0.0404265
0 0.5241402 0.3653273 0.0449735 0.0342261
0 0.4695767 0.3461061 0.0568783 0.0424107
0 0.4108796 0.3524305 0.0631613 0.047619
0 0.3559854 0.3898809 0.0631613 0.0446428
0 0.4153439 0.4031498 0.0522486 0.0404265
0 0.4770171 0.3928571 0.0585317 0.0441468
0 0.532738 0.4210069 0.0509259 0.0399305
0 0.5896164 0.4159226 0.0542328 0.0401785
0 0.4887566 0.4409722 0.0509259 0.0396825
0 0.4265873 0.4475446 0.0601851 0.046875
0 0.3697089 0.4440724 0.0542328 0.0419146
0 0.3703703 0.4830109 0.0489417 0.0359623
0 0.4378306 0.500248 0.058201 0.0401785
0 0.4925595 0.4949156 0.0532407 0.0414186
0 0.542824 0.4754464 0.0565476 0.0411706
0 0.5968915 0.4596974 0.0555555 0.0414186
0 0.6122685 0.5022321 0.0532407 0.0391865
0 0.5451388 0.5148809 0.0492724 0.0362103
0 0.5333994 0.5553075 0.0509259 0.0376984
0 0.4771825 0.5328621 0.0509259 0.0354662
0 0.4198082 0.5407986 0.0598544 0.0448908
0 0.3677248 0.5261656 0.0515873 0.0384424
