0 0.3920304 0.3356894 0.0572089 0.0434027
0 0.4753637 0.3251488 0.0651455 0.0491071
0 0.3713624 0.3831845 0.0588624 0.0456349
0 0.4292328 0.3787202 0.05291 0.0411706
0 0.4874338 0.37624 0.0628306 0.048115
0 0.4143518 0.4330357 0.0615079 0.047123
0 0.4869378 0.4264632 0.0565476 0.0434027
0 0.417824 0.4904513 0.0671296 0.0508432
0 0.4834656 0.4878472 0.0548941 0.0416666
0 0.4090608 0.5354662 0.0575396 0.0431547
0 0.4933862 0.5308779 0.0621693 0.047371
0 0.4189814 0.5804811 0.0648148 0.048363
0 0.4932208 0.5814732 0.0565476 0.0424107
0 0.5555555 0.5799851 0.0575396 0.0419146
0 0.558201 0.5345982 0.0562169 0.0419146
0 0.6198743 0.5679563 0.0552248 0.0411706
0 0.6177248 0.5255456 0.05291 0.0391865
0 0.5560515 0.4874751 0.0552248 0.0424107
0 0.6216931 0.4763144 0.0568783 0.0424107
0 0.5504298 0.4366319 0.0611772 0.0463789
0 0.6107804 0.4239831 0.0588624 0.0429067
0 0.5550595 0.3710317 0.0565476 0.0416666
0 0.5550595 0.3255208 0.0644841 0.0488591
0 0.621197 0.3206845 0.0585317 0.0436507
0 0.6167328 0.3721478 0.0542328 0.0414186
