0 0.4796626 0.329117 0.0737433 0.0545634
0 0.3566468 0.3521825 0.0585317 0.0456349
0 0.4290674 0.3588789 0.0565476 0.0431547
0 0.3315145 0.4109623 0.0724206 0.0515873
0 0.4009589 0.4078621 0.0664682 0.0493551
0 0.469742 0.4084821 0.0710978 0.0545634
0 0.5196759 0.3702876 0.0605158 0.0461309
0 0.5848214 0.3588789 0.0611772 0.047123
0 0.6291335 0.3926091 0.0558862 0.0396825
0 0.5580357 0.4095982 0.0618386 0.046875
0 0.5231481 0.4443204 0.0542328 0.0429067
0 0.594246 0.4552331 0.0654761 0.0493551
0 0.4477513 0.4527529 0.0502645 0.0369543
0 0.3907076 0.4578373 0.0585317 0.0421626
0 0.3083664 0.4719742 0.0618386 0.048115
0 0.3698743 0.5095486 0.0611772 0.0463789
0 0.3645833 0.5597718 0.0651455 0.0486111
0 0.4558531 0.4981398 0.0532407 0.0399305
0 0.5160383 0.5071924 0.0605158 0.0461309
0 0.4422949 0.5422867 0.0525793 0.0394345
0 0.5777116 0.5089285 0.0628306 0.0466269
0 0.6245039 0.5429067 0.0572089 0.0426587
0 0.5689484 0.5646081 0.0611772 0.0434027
0 0.5059523 0.5559275 0.0542328 0.0429067
0 0.4589947 0.5879216 0.063492 0.0414186
