0 0.4583333 0.3110119 0.0588624 0.0451388
0 0.4045965 0.3549107 0.0631613 0.0486111
0 0.3313492 0.4000496 0.0595238 0.0441468
0 0.3976521 0.4056299 0.0605158 0.0453869
0 0.3487103 0.4590773 0.0644841 0.047619
0 0.4184854 0.4644097 0.0572089 0.0424107
0 0.345238 0.5267857 0.0595238 0.0446428
0 0.4110449 0.5182291 0.0628306 0.0463789
0 0.4065806 0.5674603 0.0591931 0.0451388
0 0.4742063 0.579489 0.0601851 0.046875
0 0.4775132 0.5331101 0.0608465 0.0458829
0 0.4786706 0.4818948 0.0631613 0.0466269
0 0.4829695 0.3583829 0.0625 0.047123
0 0.4783399 0.4217509 0.0605158 0.0463789
0 0.5433201 0.3537946 0.0548941 0.0419146
0 0.5405092 0.406374 0.0598544 0.0453869
0 0.61541 0.3482142 0.0542328 0.0411706
0 0.6291335 0.3957093 0.0539021 0.0389384
0 0.5998677 0.4417162 0.058201 0.0426587
0 0.5415013 0.4570932 0.0578703 0.0431547
0 0.5497685 0.500496 0.0585317 0.0436507
0 0.6288029 0.4823908 0.0625 0.0451388
0 0.6111111 0.5270337 0.0601851 0.0451388
0 0.6059854 0.5722966 0.0578703 0.0438988
0 0.5343915 0.5684523 0.0595238 0.0436507
