0 0.4108796 0.329489 0.0472883 0.0364583
0 0.3528439 0.3652033 0.0548941 0.0438988
0 0.4348544 0.3722718 0.0456349 0.0347222
0 0.5034722 0.3544146 0.0479497 0.0372023
0 0.5863095 0.3322172 0.0568783 0.0429067
0 0.6335978 0.3880208 0.0489417 0.0364583
0 0.6263227 0.4242311 0.0496031 0.0374503
0 0.620701 0.4627976 0.0509259 0.0391865
0 0.5482804 0.406622 0.0502645 0.0389384
0 0.4748677 0.4157986 0.0595238 0.0429067
0 0.3888888 0.4126984 0.0496031 0.0381944
0 0.3257275 0.4368799 0.0515873 0.0379464
0 0.3735119 0.4728422 0.0505952 0.0369543
0 0.4346891 0.470114 0.0426587 0.0329861
0 0.5515873 0.4558531 0.0469576 0.0347222
0 0.4705687 0.4949156 0.0383597 0.0300099
0 0.360615 0.5229414 0.0419973 0.031498
0 0.4262566 0.5431547 0.0456349 0.0342261
0 0.3857473 0.5822172 0.0492724 0.0369543
0 0.5148809 0.5306299 0.0469576 0.0359623
0 0.4879298 0.5703125 0.0552248 0.0424107
0 0.594742 0.5219494 0.0558862 0.0419146
0 0.5596891 0.5732886 0.0532407 0.0399305
0 0.6757605 0.5276537 0.0492724 0.0344742
0 0.6464947 0.5710565 0.0562169 0.0434027
