0 0.312996 0.3404017 0.0625 0.0463789
0 0.3845899 0.3413938 0.0542328 0.0414186
0 0.3287037 0.4014136 0.0641534 0.046875
0 0.391369 0.3991815 0.0605158 0.0453869
0 0.3237433 0.4507688 0.0568783 0.0409226
0 0.3936838 0.4512648 0.0611772 0.0448908
0 0.3439153 0.4921875 0.0628306 0.047371
0 0.4037698 0.4985119 0.0522486 0.0391865
0 0.3344907 0.5488591 0.0651455 0.048115
0 0.4021164 0.5504712 0.0674603 0.048363
0 0.4725529 0.5441468 0.0588624 0.0446428
0 0.5342261 0.5488591 0.0591931 0.0436507
0 0.4713955 0.4962797 0.0631613 0.0466269
0 0.4619708 0.4461805 0.0548941 0.0416666
0 0.458664 0.3959573 0.0555555 0.0424107
0 0.4482473 0.3469742 0.0644841 0.0510912
0 0.5170304 0.3479662 0.0644841 0.0491071
0 0.5300925 0.3994295 0.063492 0.0503472
0 0.527447 0.4480406 0.0575396 0.0438988
0 0.548115 0.4906994 0.0658068 0.048363
0 0.6112764 0.4981398 0.0644841 0.0488591
0 0.6140873 0.5455109 0.0628306 0.0458829
0 0.6059854 0.4423363 0.0704365 0.0533234
0 0.609623 0.391493 0.0625 0.0458829
0 0.5934193 0.3433779 0.0671296 0.0518353
