0 0.4212962 0.3563988 0.063492 0.0486111
0 0.4897486 0.3666914 0.0641534 0.048363
0 0.3946759 0.4052579 0.0532407 0.0406746
0 0.4545304 0.4109623 0.0539021 0.0401785
0 0.4320436 0.4484126 0.0512566 0.0386904
0 0.3773148 0.4453125 0.0509259 0.0389384
0 0.3680555 0.4909474 0.0568783 0.0424107
0 0.4370039 0.4911954 0.0598544 0.0443948
0 0.364914 0.5394345 0.0552248 0.0411706
0 0.4366732 0.5407986 0.0578703 0.0434027
0 0.4561838 0.5844494 0.0419973 0.0310019
0 0.5064484 0.5505952 0.0525793 0.0396825
0 0.4854497 0.5126488 0.0542328 0.0401785
0 0.5039682 0.4548611 0.0482804 0.0367063
0 0.5160383 0.4182787 0.0532407 0.0414186
0 0.5606812 0.3611111 0.0539021 0.0416666
0 0.6167328 0.3557787 0.058201 0.0453869
0 0.6210317 0.4010416 0.0542328 0.0416666
0 0.5681216 0.407242 0.0568783 0.0461309
0 0.5558862 0.4522569 0.0542328 0.0409226
0 0.6216931 0.4454365 0.058201 0.0431547
0 0.6092923 0.4904513 0.0605158 0.046875
0 0.5492724 0.4936755 0.0601851 0.0438988
0 0.5669642 0.5379464 0.0625 0.048115
0 0.6278108 0.5331101 0.0585317 0.0434027
