0 0.6188822 0.3578869 0.0638227 0.0496031
0 0.557705 0.3566468 0.0519179 0.0391865
0 0.4920634 0.3500744 0.05291 0.0409226
0 0.4239417 0.3519345 0.0482804 0.0372023
0 0.3907076 0.3892609 0.0545634 0.0409226
0 0.4568452 0.3869047 0.0439814 0.0337301
0 0.5190145 0.4030257 0.0565476 0.0446428
0 0.5714285 0.406622 0.0502645 0.0374503
0 0.6240079 0.407738 0.0542328 0.0451388
0 0.6152447 0.4480406 0.0446428 0.0334821
0 0.5590277 0.4495287 0.0572089 0.0429067
0 0.5054563 0.4448164 0.0519179 0.0409226
0 0.4477513 0.422867 0.0489417 0.0362103
0 0.3847552 0.4299355 0.0499338 0.0364583
0 0.3875661 0.4678819 0.047619 0.0374503
0 0.4341931 0.4608134 0.0489417 0.0362103
0 0.4528769 0.4976438 0.0466269 0.0344742
0 0.4996693 0.4957837 0.047619 0.0337301
0 0.5494378 0.4915674 0.0525793 0.0381944
0 0.6164021 0.484623 0.0509259 0.0401785
0 0.620205 0.5233134 0.0519179 0.0381944
0 0.5691137 0.5306299 0.05291 0.0404265
0 0.5125661 0.5370783 0.0562169 0.0409226
0 0.4477513 0.548363 0.0535714 0.0396825
0 0.3989748 0.5254216 0.0585317 0.0399305
