0 0.4991732 0.3376736 0.0406746 0.0310019
0 0.448082 0.3580109 0.0436507 0.0339781
0 0.5008267 0.375248 0.0486111 0.0372023
0 0.4386574 0.3983134 0.0539021 0.0386904
0 0.3657407 0.4295634 0.0595238 0.0431547
0 0.4176587 0.4627976 0.0489417 0.0381944
0 0.4875992 0.4392361 0.0373677 0.0292658
0 0.5762235 0.3650793 0.0545634 0.0426587
0 0.6316137 0.3578869 0.0509259 0.0406746
0 0.6663359 0.4043898 0.0509259 0.0379464
0 0.614914 0.4088541 0.0512566 0.0384424
0 0.5510912 0.4159226 0.0585317 0.0446428
0 0.5540674 0.4578373 0.0439814 0.0332341
0 0.6038359 0.4500248 0.0555555 0.0429067
0 0.6636904 0.4485367 0.0575396 0.0438988
0 0.6531084 0.4992559 0.0548941 0.0406746
0 0.5993716 0.4884672 0.0419973 0.0280257
0 0.5484457 0.50124 0.0505952 0.0386904
0 0.4786706 0.4944196 0.0446428 0.0354662
0 0.3993055 0.5198412 0.0393518 0.0297619
0 0.4695767 0.5359623 0.0509259 0.0381944
0 0.484623 0.5691964 0.0367063 0.0297619
0 0.5416666 0.5420386 0.0482804 0.0379464
0 0.6218584 0.5300099 0.0532407 0.0376984
0 0.5917658 0.5592757 0.0459656 0.0347222
