0 0.4378306 0.3675595 0.0502645 0.0391865
0 0.3862433 0.3986855 0.0548941 0.0404265
0 0.443783 0.4153025 0.0456349 0.0374503
0 0.5089285 0.3635912 0.0515873 0.0386904
0 0.5667989 0.3808283 0.0548941 0.0414186
0 0.6193783 0.3968253 0.0489417 0.0376984
0 0.5013227 0.4104662 0.0522486 0.0396825
0 0.5616732 0.4332837 0.0512566 0.0396825
0 0.6147486 0.4472966 0.0601851 0.0463789
0 0.5024801 0.4475446 0.0466269 0.0334821
0 0.4355158 0.4572172 0.0469576 0.0369543
0 0.3789682 0.4472966 0.05291 0.0389384
0 0.3850859 0.4976438 0.0525793 0.0399305
0 0.511078 0.485863 0.0539021 0.0421626
0 0.5719246 0.4838789 0.0519179 0.0386904
0 0.6292989 0.4910714 0.0502645 0.0376984
0 0.626488 0.5374503 0.0512566 0.0381944
0 0.5775462 0.5219494 0.0532407 0.0404265
0 0.6175595 0.5765128 0.0472883 0.0359623
0 0.568287 0.5592757 0.0459656 0.0347222
0 0.4970238 0.5271577 0.047619 0.0359623
0 0.5039682 0.563492 0.0482804 0.0376984
0 0.4441137 0.5226934 0.0496031 0.0374503
0 0.443287 0.5598958 0.0459656 0.0349702
0 0.3986441 0.547743 0.0492724 0.0374503
