0 0.3287037 0.3585069 0.0608465 0.046875
0 0.3981481 0.3454861 0.0502645 0.0396825
0 0.4090608 0.3937251 0.0681216 0.0518353
0 0.3376322 0.4124503 0.063492 0.047619
0 0.354828 0.4582093 0.0648148 0.048363
0 0.4181547 0.4422123 0.0625 0.0451388
0 0.3435846 0.5039682 0.0615079 0.0446428
0 0.364914 0.5460069 0.0558862 0.0389384
0 0.4141865 0.563244 0.0525793 0.0386904
0 0.4191468 0.5059523 0.0598544 0.0441468
0 0.4785052 0.562996 0.063492 0.048115
0 0.4788359 0.5049603 0.0595238 0.0441468
0 0.479828 0.4595734 0.0509259 0.0372023
0 0.4756944 0.3959573 0.0651455 0.0488591
0 0.4661044 0.3386656 0.0611772 0.046875
0 0.5458002 0.34375 0.0671296 0.0515873
0 0.604332 0.3298611 0.0532407 0.0396825
0 0.6228505 0.3769841 0.0631613 0.0510912
0 0.5458002 0.4099702 0.0539021 0.0416666
0 0.6104497 0.4320436 0.0667989 0.0486111
0 0.5504298 0.4630456 0.067791 0.0486111
0 0.6145833 0.4890873 0.0651455 0.0496031
0 0.5466269 0.5228174 0.0595238 0.0426587
0 0.5439814 0.5714285 0.0462962 0.0372023
0 0.6193783 0.5558035 0.0674603 0.0500992
