0 0.3480489 0.3702876 0.0572089 0.0431547
0 0.3597883 0.4174107 0.068783 0.0510912
0 0.3695436 0.4672619 0.0625 0.0451388
0 0.4275793 0.3792162 0.0621693 0.0466269
0 0.4396494 0.4254712 0.0572089 0.0458829
0 0.4303902 0.4666418 0.0512566 0.0389384
0 0.3796296 0.5140128 0.0482804 0.0364583
0 0.4280753 0.5111607 0.0492724 0.0376984
0 0.3715277 0.5582837 0.0605158 0.0446428
0 0.4406415 0.5534474 0.0651455 0.047867
0 0.4986772 0.5498511 0.05291 0.0411706
0 0.553406 0.547371 0.0558862 0.0411706
0 0.4872685 0.4985119 0.0525793 0.0391865
0 0.4927248 0.4432043 0.0588624 0.0451388
0 0.4877645 0.4001736 0.0562169 0.0429067
0 0.4776785 0.3521825 0.0618386 0.0466269
0 0.5391865 0.3497023 0.0618386 0.047619
0 0.6001984 0.3432539 0.0628306 0.047619
0 0.6015211 0.3903769 0.0615079 0.0466269
0 0.5443121 0.4005456 0.0568783 0.0441468
0 0.5500992 0.4437003 0.0525793 0.0386904
0 0.6218584 0.4397321 0.0671296 0.0515873
0 0.5441468 0.4908234 0.0611772 0.0466269
0 0.6127645 0.4894593 0.063492 0.047371
0 0.6127645 0.5405505 0.0648148 0.0463789
