0 0.4049272 0.4107142 0.0585317 0.0426587
0 0.4735449 0.3897569 0.068783 0.0513392
0 0.4133597 0.4587053 0.0575396 0.0404265
0 0.4694113 0.4422123 0.0525793 0.0386904
0 0.4712301 0.4885912 0.0608465 0.0451388
0 0.4039351 0.5121527 0.0631613 0.0456349
0 0.4530423 0.5450148 0.0628306 0.047371
0 0.5082671 0.5292658 0.0555555 0.0411706
0 0.3885582 0.5776289 0.0628306 0.048115
0 0.4386574 0.6148313 0.0512566 0.0386904
0 0.3801256 0.6333085 0.0585317 0.0453869
0 0.4854497 0.5881696 0.05291 0.0389384
0 0.475033 0.6660466 0.0472883 0.0389384
0 0.5246362 0.6231398 0.0585317 0.0453869
0 0.5625 0.6670386 0.0555555 0.0434027
0 0.5828373 0.609623 0.0638227 0.047123
0 0.5434854 0.5732886 0.0539021 0.0404265
0 0.5261243 0.4242311 0.05291 0.0394345
0 0.5307539 0.4641617 0.0542328 0.0399305
0 0.5429894 0.3715277 0.0496031 0.0386904
0 0.5882936 0.4129464 0.0595238 0.0456349
0 0.6025132 0.4618055 0.0595238 0.0436507
0 0.6504629 0.4117063 0.0601851 0.0446428
0 0.6590608 0.4663938 0.058201 0.0438988
0 0.5727513 0.5080605 0.0648148 0.0503472
0 0.6380621 0.5053323 0.0519179 0.0384424
0 0.5957341 0.5543154 0.0552248 0.0406746
0 0.6507936 0.5486111 0.0548941 0.0426587
0 0.6541005 0.594618 0.0608465 0.0448908
0 0.6436838 0.6400049 0.0664682 0.048363
