0 0.3753306 0.437872 0.0548941 0.0429067
0 0.4161706 0.4665178 0.0539021 0.0406746
0 0.4307208 0.4265873 0.0466269 0.0332341
0 0.4735449 0.4030257 0.0608465 0.0466269
0 0.46875 0.4515128 0.0505952 0.0424107
0 0.3751653 0.5031001 0.0565476 0.0419146
0 0.4573412 0.5026041 0.05291 0.0404265
0 0.4216269 0.5370783 0.0621693 0.0463789
0 0.3492063 0.547247 0.0568783 0.0419146
0 0.4039351 0.5817212 0.0479497 0.0349702
0 0.3857473 0.6312003 0.0552248 0.0406746
0 0.4565145 0.6130952 0.0658068 0.0496031
0 0.4743716 0.5663442 0.0439814 0.03249
0 0.4968584 0.532738 0.0539021 0.0396825
0 0.526951 0.6207837 0.0664682 0.0500992
0 0.5446428 0.5727926 0.0641534 0.048363
0 0.6023478 0.6230158 0.0710978 0.0550595
0 0.6081349 0.5726686 0.0608465 0.0461309
0 0.6835317 0.6206597 0.0575396 0.0419146
0 0.6853505 0.5742807 0.0625 0.047867
0 0.6329365 0.5266617 0.0674603 0.0508432
0 0.6975859 0.5262896 0.0552248 0.0421626
0 0.5028108 0.4918154 0.0453042 0.0352182
0 0.5583664 0.501116 0.0598544 0.0448908
0 0.5426587 0.4508928 0.0628306 0.0461309
0 0.609623 0.4611855 0.0618386 0.0448908
0 0.6841931 0.4763144 0.0701058 0.0533234
0 0.6868386 0.4210069 0.0628306 0.046875
0 0.6117724 0.4006696 0.0753968 0.0548115
0 0.5438161 0.4010416 0.0591931 0.0461309
