0 0.4006283 0.46875 0.0499338 0.0367063
0 0.4594907 0.4368799 0.0479497 0.0359623
0 0.5074404 0.4347718 0.0479497 0.0376984
0 0.454365 0.4806547 0.0449735 0.0342261
0 0.4130291 0.5121527 0.0509259 0.0381944
0 0.4680886 0.515873 0.0532407 0.0396825
0 0.5034722 0.4745783 0.0492724 0.0374503
0 0.5324074 0.5145089 0.0542328 0.0399305
0 0.4092261 0.5570436 0.0492724 0.0367063
0 0.4708994 0.5561755 0.0489417 0.0364583
0 0.5271164 0.5590277 0.0509259 0.0376984
0 0.4310515 0.5935019 0.0413359 0.031746
0 0.4796626 0.5973462 0.0453042 0.0344742
0 0.4510582 0.6359126 0.0436507 0.032738
0 0.5092592 0.6370287 0.0456349 0.0354662
0 0.5368716 0.6004464 0.0446428 0.0342261
0 0.5922619 0.625124 0.05291 0.0384424
0 0.6489748 0.625868 0.0519179 0.0379464
0 0.5973875 0.5851934 0.0525793 0.0379464
0 0.6516203 0.5851934 0.0466269 0.0339781
0 0.5863095 0.5401785 0.0482804 0.0367063
0 0.6430224 0.5457589 0.0459656 0.0344742
0 0.5864748 0.5053323 0.0433201 0.0329861
0 0.6443452 0.5104166 0.0486111 0.0367063
0 0.6559193 0.4717261 0.0492724 0.0362103
0 0.5920965 0.4670138 0.0479497 0.0357142
0 0.5515873 0.4494047 0.0482804 0.0342261
0 0.5565476 0.407366 0.0496031 0.0359623
0 0.6005291 0.4332837 0.0456349 0.0332341
0 0.6484788 0.4339037 0.0502645 0.0379464
