0 0.3809523 0.4737103 0.0449735 0.0337301
0 0.4551917 0.4310515 0.0505952 0.0381944
0 0.4479166 0.4709821 0.0499338 0.0372023
0 0.4135251 0.515625 0.0453042 0.0337301
0 0.459656 0.5203373 0.0462962 0.0347222
0 0.4026124 0.5672123 0.0472883 0.0352182
0 0.4528769 0.5622519 0.0453042 0.0337301
0 0.4146825 0.6023065 0.0509259 0.0384424
0 0.4704034 0.6051587 0.0472883 0.0357142
0 0.4915674 0.6491815 0.0479497 0.0379464
0 0.5449735 0.6289682 0.0469576 0.0352182
0 0.5130621 0.5926339 0.0453042 0.0349702
0 0.5552248 0.5761408 0.0456349 0.0342261
0 0.5071097 0.5494791 0.0479497 0.0354662
0 0.547123 0.532614 0.0433201 0.031994
0 0.5061177 0.4919394 0.0459656 0.0344742
0 0.553406 0.4820188 0.0486111 0.0359623
0 0.5238095 0.4513888 0.0509259 0.0386904
0 0.5352182 0.4154265 0.0472883 0.0357142
0 0.5902777 0.4161706 0.0436507 0.032738
0 0.6385582 0.4339037 0.0522486 0.0384424
0 0.6010251 0.4614335 0.0499338 0.0379464
0 0.6498015 0.4742063 0.0509259 0.0381944
0 0.5914351 0.5225694 0.0492724 0.0367063
0 0.6542658 0.5141369 0.0492724 0.0357142
0 0.6537698 0.5569196 0.0542328 0.0399305
0 0.6033399 0.5709325 0.0525793 0.0396825
0 0.6539351 0.5958581 0.0466269 0.0344742
0 0.5973875 0.6246279 0.0472883 0.0354662
0 0.6484788 0.6283482 0.0429894 0.031498
