0 0.3344907 0.4640376 0.0433201 0.032242
0 0.3210978 0.5679563 0.0548941 0.0406746
0 0.3716931 0.5611359 0.0443121 0.03249
0 0.3573082 0.5969742 0.0519179 0.0381944
0 0.255787 0.6117311 0.0459656 0.0349702
0 0.2926587 0.6299603 0.0469576 0.0352182
0 0.2666997 0.6553819 0.0419973 0.031498
0 0.3748346 0.6305803 0.0479497 0.0364583
0 0.3475529 0.7166418 0.0502645 0.0379464
0 0.4451058 0.4887152 0.0436507 0.03249
0 0.4532076 0.5690724 0.0519179 0.0389384
0 0.4275793 0.6014384 0.0522486 0.0386904
0 0.4436177 0.6445932 0.0419973 0.032242
0 0.5325727 0.6484375 0.0426587 0.0329861
0 0.5109126 0.6153273 0.0496031 0.0372023
0 0.5128968 0.5801091 0.0462962 0.0347222
0 0.4874338 0.5254216 0.0449735 0.0364583
0 0.5777116 0.6474454 0.0462962 0.0349702
0 0.5796957 0.6054067 0.0496031 0.0372023
0 0.6407076 0.5967261 0.0499338 0.0376984
0 0.6329365 0.5603918 0.0482804 0.0354662
0 0.5658068 0.5528273 0.0568783 0.0421626
0 0.5757275 0.516245 0.042328 0.031994
0 0.6220238 0.5186011 0.0469576 0.0362103
0 0.5072751 0.4894593 0.0555555 0.0419146
0 0.5067791 0.4466765 0.0539021 0.0406746
0 0.5664682 0.4394841 0.0509259 0.0376984
0 0.5625 0.4816468 0.0522486 0.0391865
0 0.6216931 0.4779265 0.0562169 0.0416666
0 0.620205 0.4368799 0.0505952 0.0379464
