0 0.3363095 0.4325396 0.0429894 0.032738
0 0.3827711 0.4525049 0.0552248 0.0404265
0 0.3427579 0.4805307 0.0552248 0.0404265
0 0.3981481 0.5035962 0.05291 0.0399305
0 0.359623 0.5393105 0.0565476 0.0419146
0 0.3191137 0.5643601 0.0515873 0.0374503
0 0.3488756 0.5935019 0.0489417 0.0367063
0 0.3252314 0.6237599 0.0453042 0.0337301
0 0.4224537 0.5487351 0.0519179 0.0389384
0 0.3915343 0.5772569 0.0469576 0.0344742
0 0.4032738 0.609747 0.0446428 0.0334821
0 0.4459325 0.6341765 0.0486111 0.0367063
0 0.4594907 0.579241 0.0585317 0.0438988
0 0.4651124 0.5290178 0.0466269 0.032738
0 0.4584986 0.4944196 0.0525793 0.0389384
0 0.4315476 0.4635416 0.0462962 0.0357142
0 0.4464285 0.4265873 0.0489417 0.0367063
0 0.5031415 0.4779265 0.0499338 0.0381944
0 0.557705 0.4179067 0.0545634 0.0411706
0 0.5262896 0.4464285 0.0453042 0.0342261
0 0.5868055 0.4567212 0.0492724 0.0379464
0 0.5555555 0.4884672 0.0548941 0.0424107
0 0.6036706 0.5027281 0.0486111 0.0362103
0 0.5578703 0.5296378 0.0542328 0.0404265
0 0.5044642 0.5524553 0.0552248 0.0424107
0 0.5451388 0.5749007 0.0466269 0.0357142
0 0.5864748 0.5591517 0.0459656 0.0349702
0 0.5084325 0.5966021 0.0472883 0.0369543
0 0.5509259 0.6164434 0.042328 0.031994
0 0.4900793 0.625248 0.042328 0.031746
