0 0.4429563 0.422495 0.0572089 0.0434027
0 0.4844576 0.4475446 0.0456349 0.0349702
0 0.4444444 0.4742063 0.0515873 0.0386904
0 0.3888888 0.4671378 0.0509259 0.0374503
0 0.4661044 0.5115327 0.0591931 0.0438988
0 0.3963293 0.5257936 0.0552248 0.0406746
0 0.3455687 0.5446428 0.0575396 0.0436507
0 0.4674272 0.5592757 0.0605158 0.0446428
0 0.3883928 0.5953621 0.0591931 0.0443948
0 0.3616071 0.6526537 0.0618386 0.046875
0 0.4456018 0.6677827 0.0505952 0.0389384
0 0.4794973 0.6225198 0.0568783 0.0431547
0 0.5170304 0.6830357 0.0492724 0.0376984
0 0.4859457 0.7142857 0.0486111 0.0376984
0 0.5335648 0.6360367 0.0525793 0.0394345
0 0.5839947 0.6686507 0.0568783 0.0441468
0 0.635582 0.6648065 0.0482804 0.0384424
0 0.5701058 0.6116071 0.047619 0.0357142
0 0.6542658 0.610119 0.0585317 0.0431547
0 0.5876322 0.5729166 0.0548941 0.0411706
0 0.5378637 0.5543154 0.0578703 0.0436507
0 0.6522817 0.5567956 0.0539021 0.0401785
0 0.6736111 0.5214533 0.0496031 0.0364583
0 0.5886243 0.5295138 0.0535714 0.0406746
0 0.5229828 0.4815228 0.0525793 0.0399305
0 0.5863095 0.4799107 0.047619 0.0362103
0 0.6483134 0.4724702 0.0578703 0.0431547
0 0.6073082 0.4371279 0.0486111 0.0364583
0 0.5562169 0.4448164 0.0568783 0.0419146
0 0.5120701 0.4150545 0.0565476 0.0419146
