0 0.3794642 0.4840029 0.0505952 0.0384424
0 0.4193121 0.4523809 0.0410052 0.03125
0 0.4627976 0.4285714 0.0492724 0.0362103
0 0.5109126 0.421875 0.0482804 0.0372023
0 0.5066137 0.4592013 0.0502645 0.0389384
0 0.4563492 0.4780505 0.0542328 0.0404265
0 0.5019841 0.4971478 0.0509259 0.0379464
0 0.4350198 0.5193452 0.0426587 0.031746
0 0.4775132 0.5281498 0.0462962 0.0344742
0 0.5340608 0.5245535 0.0482804 0.0357142
0 0.5031415 0.5582837 0.0479497 0.0376984
0 0.4242724 0.5509672 0.0436507 0.0329861
0 0.4282407 0.5874255 0.0522486 0.0399305
0 0.531746 0.5894097 0.0522486 0.0389384
0 0.55291 0.5562996 0.047619 0.0362103
0 0.599537 0.5616319 0.0489417 0.0364583
0 0.6407076 0.5827132 0.0486111 0.0374503
0 0.6701388 0.5533234 0.0499338 0.0367063
0 0.6296296 0.5354662 0.0462962 0.0342261
0 0.5838293 0.5279017 0.0492724 0.0379464
0 0.6708002 0.516369 0.0519179 0.0391865
0 0.6205357 0.5 0.0486111 0.0372023
0 0.5725859 0.4910714 0.0486111 0.0367063
0 0.7068452 0.4893353 0.0453042 0.0337301
0 0.661541 0.4790426 0.0505952 0.0369543
0 0.6087962 0.4629216 0.0416666 0.031994
0 0.5565476 0.4563492 0.0502645 0.0372023
0 0.5881283 0.4275793 0.0486111 0.0367063
0 0.6367394 0.4342757 0.0505952 0.0396825
0 0.6893187 0.43812 0.0505952 0.0374503
