0 0.4295634 0.4171626 0.0562169 0.0431547
0 0.4879298 0.422123 0.0466269 0.0352182
0 0.3698743 0.4645337 0.0446428 0.031746
0 0.4176587 0.46937 0.05291 0.0379464
0 0.4844576 0.4614335 0.058201 0.0438988
0 0.3617724 0.5178571 0.0449735 0.0337301
0 0.4148478 0.5066964 0.0505952 0.0376984
0 0.474041 0.5089285 0.0572089 0.0426587
0 0.4027777 0.5493551 0.0515873 0.0396825
0 0.453869 0.5600198 0.0525793 0.0391865
0 0.3769841 0.5969742 0.0496031 0.0367063
0 0.4422949 0.6015625 0.0459656 0.0354662
0 0.4775132 0.6376488 0.0515873 0.0401785
0 0.5396825 0.6267361 0.0568783 0.0436507
0 0.5939153 0.6196676 0.0535714 0.0399305
0 0.6507936 0.6163194 0.0548941 0.0411706
0 0.5114087 0.5846974 0.0525793 0.0404265
0 0.579365 0.5803571 0.0535714 0.0411706
0 0.6479828 0.5742807 0.0558862 0.0404265
0 0.5282738 0.5404265 0.0499338 0.0386904
0 0.5982142 0.5277777 0.0555555 0.0411706
0 0.6526124 0.5297619 0.0532407 0.0406746
0 0.5408399 0.4934275 0.0572089 0.0424107
0 0.5993716 0.4740823 0.0512566 0.0389384
0 0.6550925 0.4883432 0.0548941 0.0386904
0 0.5380291 0.4530009 0.0502645 0.0379464
0 0.5415013 0.4037698 0.0539021 0.0396825
0 0.5957341 0.4138144 0.0499338 0.0374503
0 0.6579034 0.4453125 0.0631613 0.047371
0 0.6600529 0.4002976 0.0575396 0.0421626
