0 0.3637566 0.3809523 0.0522486 0.0386904
0 0.3444113 0.4260912 0.0539021 0.0391865
0 0.4477513 0.3727678 0.0555555 0.0416666
0 0.42791 0.4283234 0.0502645 0.0372023
0 0.3583002 0.4787946 0.0558862 0.0414186
0 0.3005952 0.5096726 0.0535714 0.0386904
0 0.3834325 0.5240575 0.0572089 0.0421626
0 0.3356481 0.5447668 0.05291 0.0394345
0 0.3468915 0.5998263 0.0535714 0.0399305
0 0.4044312 0.5817212 0.0522486 0.0404265
0 0.4442791 0.6160714 0.0545634 0.0421626
0 0.3713624 0.6496775 0.0509259 0.0394345
0 0.5011574 0.6494295 0.0539021 0.0443948
0 0.474537 0.5603918 0.0542328 0.0399305
0 0.459656 0.50124 0.0469576 0.0357142
0 0.4799933 0.4651537 0.0532407 0.0389384
0 0.5069444 0.3999255 0.0496031 0.0374503
0 0.5381944 0.360243 0.0499338 0.0374503
0 0.5631613 0.4241071 0.0502645 0.0381944
0 0.667328 0.422247 0.0548941 0.0419146
0 0.5833333 0.4668898 0.0515873 0.0404265
0 0.6392195 0.4903273 0.0502645 0.0367063
0 0.5400132 0.515625 0.0555555 0.0411706
0 0.6686507 0.531498 0.0489417 0.0367063
0 0.5967261 0.5616319 0.0558862 0.0424107
0 0.5419973 0.5767609 0.0535714 0.0404265
0 0.6797288 0.5777529 0.0505952 0.0369543
0 0.5763888 0.6184275 0.0515873 0.0374503
0 0.5808531 0.6696428 0.0512566 0.0386904
0 0.657242 0.6738591 0.0519179 0.0406746
