0 0.3710317 0.4196428 0.0535714 0.0391865
0 0.4312169 0.3960813 0.0522486 0.0362103
0 0.4894179 0.3952132 0.0568783 0.0429067
0 0.422619 0.4391121 0.0456349 0.0344742
0 0.3875661 0.4671378 0.0496031 0.0379464
0 0.4482473 0.4787946 0.0499338 0.0379464
0 0.4108796 0.5076884 0.0499338 0.0372023
0 0.4664351 0.5212053 0.0552248 0.0409226
0 0.4328703 0.5558035 0.0548941 0.0406746
0 0.3746693 0.5453869 0.0535714 0.0396825
0 0.4879298 0.5618799 0.0512566 0.0384424
0 0.4500661 0.6052827 0.0496031 0.0374503
0 0.4022817 0.594246 0.0492724 0.0362103
0 0.3976521 0.6374007 0.0565476 0.0441468
0 0.4623015 0.6527777 0.0502645 0.0391865
0 0.5261243 0.6449652 0.058201 0.0438988
0 0.5818452 0.6369047 0.0545634 0.0426587
0 0.5244708 0.6014384 0.0522486 0.0446428
0 0.5750661 0.5956101 0.0542328 0.0419146
0 0.6297949 0.5923859 0.0552248 0.0434027
0 0.5565476 0.5539434 0.0595238 0.0448908
0 0.6162367 0.5510912 0.0519179 0.0391865
0 0.6228505 0.5110367 0.0545634 0.0409226
0 0.5628306 0.500992 0.0509259 0.0381944
0 0.500992 0.4877232 0.058201 0.0443948
0 0.5064484 0.4460565 0.0499338 0.0389384
0 0.5595238 0.4573412 0.0595238 0.0431547
0 0.6268187 0.4631696 0.0605158 0.0443948
0 0.6288029 0.4141865 0.0499338 0.0386904
0 0.5663029 0.4004216 0.0552248 0.0419146
