0 0.3905423 0.4102182 0.0515873 0.0386904
0 0.313492 0.4573412 0.0509259 0.0372023
0 0.3465608 0.4890873 0.0595238 0.0431547
0 0.4085648 0.4616815 0.0572089 0.0429067
0 0.402447 0.4988839 0.0443121 0.0329861
0 0.3275462 0.5259176 0.0505952 0.0374503
0 0.3829365 0.5303819 0.0502645 0.0364583
0 0.3316798 0.5663442 0.0588624 0.0434027
0 0.3817791 0.5644841 0.0413359 0.031746
0 0.3746693 0.6078869 0.0482804 0.0381944
0 0.4123677 0.5873015 0.0403439 0.0307539
0 0.4690806 0.6297123 0.0466269 0.0347222
0 0.4694113 0.5823412 0.0525793 0.0386904
0 0.4358465 0.5530753 0.0548941 0.0416666
0 0.496197 0.5535714 0.0426587 0.031746
0 0.4632936 0.5213293 0.047619 0.0357142
0 0.5095899 0.5109126 0.0482804 0.0362103
0 0.5813492 0.5931299 0.0535714 0.0404265
0 0.5588624 0.5385664 0.0535714 0.0399305
0 0.7084986 0.5653521 0.0472883 0.0344742
0 0.4528769 0.484747 0.0519179 0.0394345
0 0.4641203 0.4486607 0.0486111 0.0352182
0 0.5100859 0.4754464 0.0492724 0.0367063
0 0.5887896 0.5074404 0.0486111 0.0357142
0 0.5590277 0.4807787 0.0486111 0.0364583
0 0.630291 0.4895833 0.0502645 0.0362103
0 0.657242 0.4547371 0.0505952 0.0369543
0 0.5742394 0.4339037 0.0572089 0.0434027
0 0.5209986 0.4365079 0.0519179 0.0401785
0 0.5128968 0.3954613 0.0535714 0.0394345
