0 0.4877645 0.407614 0.0608465 0.0438988
0 0.4439484 0.4398561 0.0459656 0.0359623
0 0.3993055 0.4620535 0.0499338 0.0372023
0 0.3892195 0.4996279 0.0462962 0.0349702
0 0.428406 0.5311259 0.0492724 0.0384424
0 0.4680886 0.4813988 0.0505952 0.0376984
0 0.5054563 0.4511408 0.0558862 0.0411706
0 0.489914 0.5187251 0.0578703 0.0429067
0 0.4796626 0.5689484 0.0605158 0.0461309
0 0.4083994 0.579489 0.0562169 0.0434027
0 0.4406415 0.6196676 0.0512566 0.0379464
0 0.4920634 0.6122271 0.0555555 0.0424107
0 0.4824735 0.65687 0.0502645 0.0359623
0 0.5393518 0.6398809 0.0502645 0.0381944
0 0.5429894 0.5982142 0.05291 0.0396825
0 0.5983796 0.6183035 0.0565476 0.0416666
0 0.65625 0.6150793 0.0472883 0.0362103
0 0.65625 0.5719246 0.0578703 0.0441468
0 0.5950727 0.5668402 0.0486111 0.0369543
0 0.5355489 0.5492311 0.0558862 0.0424107
0 0.5436507 0.5064484 0.0548941 0.0411706
0 0.5978835 0.5172371 0.0509259 0.0404265
0 0.6534391 0.5307539 0.0489417 0.0357142
0 0.6595568 0.4889632 0.0539021 0.0404265
0 0.6107804 0.4677579 0.0496031 0.0376984
0 0.5567129 0.4642857 0.0525793 0.0396825
0 0.6610449 0.4464285 0.0555555 0.0401785
0 0.6058201 0.4239831 0.0522486 0.0399305
0 0.6595568 0.4024057 0.0505952 0.0379464
0 0.5486111 0.4171626 0.0562169 0.0401785
