0 0.3857473 0.4361359 0.0651455 0.048363
0 0.4566798 0.4129464 0.0648148 0.048115
0 0.4568452 0.4606894 0.0631613 0.046875
0 0.3781415 0.4775545 0.0479497 0.0344742
0 0.3999669 0.5107886 0.0499338 0.0364583
0 0.4581679 0.5136408 0.0611772 0.048115
0 0.3579695 0.5416666 0.0605158 0.0456349
0 0.4166666 0.5677083 0.0595238 0.0436507
0 0.3809523 0.6061507 0.058201 0.0436507
0 0.4401455 0.6310763 0.0615079 0.0463789
0 0.4880952 0.6586061 0.0575396 0.0424107
0 0.4882605 0.5973462 0.0763888 0.0572916
0 0.5046296 0.5429067 0.0601851 0.0466269
0 0.5162037 0.4899553 0.0575396 0.0424107
0 0.5203373 0.4371279 0.0664682 0.048363
0 0.588955 0.4465525 0.063492 0.0434027
0 0.6592261 0.4248511 0.0618386 0.0456349
0 0.7190806 0.453125 0.0697751 0.0525793
0 0.64666 0.4763144 0.0638227 0.0508432
0 0.5851521 0.4898313 0.0572089 0.0426587
0 0.7048611 0.5028521 0.0578703 0.0404265
0 0.7046957 0.547743 0.068783 0.0488591
0 0.6340939 0.5336061 0.0525793 0.0389384
0 0.5750661 0.5414186 0.0588624 0.0446428
0 0.5620039 0.5928819 0.067791 0.0518353
0 0.6273148 0.5912698 0.0628306 0.047123
0 0.5656415 0.641617 0.0558862 0.0431547
0 0.6296296 0.640625 0.058201 0.0416666
0 0.6954365 0.6398809 0.0615079 0.0441468
0 0.6951058 0.5927579 0.0601851 0.0436507
