0 0.3634259 0.4738343 0.0482804 0.0359623
0 0.4069113 0.4610615 0.0426587 0.032242
0 0.3979828 0.5037202 0.0545634 0.0411706
0 0.3455687 0.5117807 0.0496031 0.0364583
0 0.3869047 0.5447668 0.0489417 0.0364583
0 0.3501984 0.5830853 0.058201 0.0426587
0 0.4112103 0.5758928 0.0446428 0.0332341
0 0.3925264 0.6145833 0.0496031 0.0362103
0 0.4122023 0.6578621 0.0499338 0.0379464
0 0.484623 0.6604662 0.0492724 0.0376984
0 0.5502645 0.6867559 0.0456349 0.0372023
0 0.5279431 0.6347966 0.0453042 0.0344742
0 0.4589947 0.6112351 0.0462962 0.0359623
0 0.4998346 0.579613 0.0453042 0.0337301
0 0.443287 0.5416666 0.0479497 0.0357142
0 0.4634589 0.500868 0.0499338 0.0384424
0 0.5085978 0.4910714 0.0429894 0.032738
0 0.4694113 0.4495287 0.0453042 0.0344742
0 0.5254629 0.4439484 0.0509259 0.0381944
0 0.5681216 0.4248511 0.0469576 0.0342261
0 0.6316137 0.4352678 0.0502645 0.0376984
0 0.6208664 0.4805307 0.0505952 0.0374503
0 0.562996 0.4928075 0.0486111 0.0362103
0 0.5669642 0.5333581 0.0492724 0.0389384
0 0.626488 0.5342261 0.0519179 0.0386904
0 0.6215277 0.5798611 0.0558862 0.0411706
0 0.5583664 0.5899057 0.0492724 0.0369543
0 0.5725859 0.6347966 0.0433201 0.0334821
0 0.6220238 0.62624 0.0522486 0.0406746
0 0.6238425 0.6703869 0.0446428 0.0337301
