0 0.4611441 0.4448164 0.0519179 0.0384424
0 0.5138888 0.4370039 0.0555555 0.0411706
0 0.5272817 0.4766865 0.0505952 0.0372023
0 0.4737103 0.4924355 0.0505952 0.0384424
0 0.4217923 0.4892113 0.0525793 0.0389384
0 0.3941798 0.531746 0.0515873 0.0386904
0 0.4558531 0.531374 0.0525793 0.0384424
0 0.5251322 0.5155009 0.0469576 0.03249
0 0.500496 0.5586557 0.0565476 0.0414186
0 0.4508928 0.5775049 0.0532407 0.0404265
0 0.4918981 0.6021825 0.0499338 0.0376984
0 0.4406415 0.6313244 0.0492724 0.0389384
0 0.55291 0.6375248 0.0515873 0.0379464
0 0.4928902 0.6474454 0.0492724 0.0389384
0 0.610615 0.6433531 0.0525793 0.0391865
0 0.6698082 0.6469494 0.0499338 0.0369543
0 0.5545634 0.5980902 0.0542328 0.0414186
0 0.6164021 0.6019345 0.0548941 0.0391865
0 0.6754298 0.6024305 0.0519179 0.0372023
0 0.6875 0.5621279 0.0648148 0.047371
0 0.6223544 0.5580357 0.0621693 0.0451388
0 0.5596891 0.5429067 0.0499338 0.0372023
0 0.6860119 0.5128968 0.0572089 0.0401785
0 0.6296296 0.5125248 0.0555555 0.0409226
0 0.5791997 0.4936755 0.0598544 0.0434027
0 0.630291 0.4718501 0.0542328 0.0399305
0 0.6871693 0.46875 0.0562169 0.0421626
0 0.5763888 0.4403521 0.058201 0.0419146
0 0.6354166 0.4309275 0.0519179 0.0379464
0 0.6917989 0.423363 0.0548941 0.0396825
