0 0.355324 0.4193948 0.0539021 0.0396825
0 0.4128637 0.4143105 0.0505952 0.0374503
0 0.3688822 0.4601934 0.0466269 0.0349702
0 0.42791 0.4722222 0.0443121 0.0332341
0 0.4209656 0.5076884 0.047619 0.0357142
0 0.3632605 0.5109126 0.0492724 0.0372023
0 0.4343584 0.5536954 0.0539021 0.0424107
0 0.3670634 0.5704365 0.0496031 0.0372023
0 0.4102182 0.6062748 0.0572089 0.0434027
0 0.448082 0.6741071 0.05291 0.0401785
0 0.5087632 0.6940724 0.0479497 0.0379464
0 0.532738 0.6586061 0.0502645 0.0384424
0 0.4804894 0.6334325 0.0555555 0.0411706
0 0.4895833 0.5900297 0.0466269 0.0357142
0 0.5373677 0.6066468 0.0496031 0.0376984
0 0.5882936 0.6845238 0.0469576 0.0367063
0 0.6269841 0.6476934 0.047619 0.0364583
0 0.6121031 0.5902777 0.0568783 0.0431547
0 0.5656415 0.5703125 0.0492724 0.0369543
0 0.6802248 0.5875496 0.0469576 0.0352182
0 0.6759259 0.5365823 0.0562169 0.0414186
0 0.5993716 0.5405505 0.0472883 0.0359623
0 0.5484457 0.5235615 0.0552248 0.0411706
0 0.4930555 0.5267857 0.0509259 0.0381944
0 0.5089285 0.484747 0.0436507 0.0329861
0 0.6011904 0.4915674 0.0548941 0.0406746
0 0.6598875 0.4729662 0.0578703 0.0426587
0 0.5874669 0.4329117 0.0591931 0.0443948
0 0.532738 0.4165426 0.05291 0.0399305
0 0.4763558 0.4289434 0.0572089 0.0429067
