0 0.3852513 0.4201388 0.0588624 0.0446428
0 0.4416335 0.4315476 0.0505952 0.0381944
0 0.3857473 0.468874 0.0545634 0.0404265
0 0.4465939 0.4737103 0.0552248 0.0401785
0 0.4105489 0.5155009 0.0572089 0.0429067
0 0.3470568 0.5174851 0.0512566 0.0374503
0 0.4055886 0.5584077 0.0565476 0.0414186
0 0.3458994 0.5750248 0.05291 0.0399305
0 0.4156746 0.6087549 0.0608465 0.0453869
0 0.4637896 0.6370287 0.0558862 0.0429067
0 0.5259589 0.6387648 0.0532407 0.0399305
0 0.4742063 0.5894097 0.0482804 0.0364583
0 0.5319113 0.5920138 0.0545634 0.0406746
0 0.4684193 0.5446428 0.0479497 0.0362103
0 0.5272817 0.5422867 0.0552248 0.0409226
0 0.4884259 0.5076884 0.0522486 0.0401785
0 0.5358796 0.4908234 0.0472883 0.0357142
0 0.5128968 0.4551091 0.0548941 0.0401785
0 0.4861111 0.4109623 0.0548941 0.0411706
0 0.5575396 0.4260912 0.0568783 0.0426587
0 0.6094576 0.4408482 0.0482804 0.0359623
0 0.6600529 0.4490327 0.0555555 0.0414186
0 0.5934193 0.4882192 0.0539021 0.0399305
0 0.6545965 0.4926835 0.0605158 0.0448908
0 0.5902777 0.532118 0.0568783 0.0424107
0 0.6547619 0.5398065 0.0555555 0.0424107
0 0.5896164 0.5811011 0.0568783 0.0421626
0 0.6441798 0.5813492 0.0522486 0.0391865
0 0.6554232 0.6206597 0.05291 0.0399305
0 0.5978835 0.6302083 0.0562169 0.0431547
