0 0.5038029 0.4291914 0.0406746 0.0300099
0 0.5568783 0.4237351 0.0403439 0.0300099
0 0.5699404 0.4614335 0.0486111 0.0374503
0 0.5107473 0.4742063 0.0439814 0.032738
0 0.46875 0.4981398 0.0466269 0.0349702
0 0.515873 0.5140128 0.0350529 0.0260416
0 0.5578703 0.500248 0.0456349 0.0357142
0 0.6028439 0.4996279 0.0436507 0.03249
0 0.6011904 0.5337301 0.047619 0.0357142
0 0.5558862 0.5400545 0.0436507 0.031498
0 0.5135582 0.5448908 0.042328 0.031746
0 0.4930555 0.5813492 0.0383597 0.0282738
0 0.5362103 0.579365 0.0400132 0.0297619
0 0.5810185 0.5771329 0.0443121 0.032738
0 0.484623 0.6185515 0.0413359 0.032738
0 0.5302579 0.6190476 0.0413359 0.0307539
0 0.5772156 0.6135912 0.0439814 0.0342261
0 0.6243386 0.609375 0.0489417 0.0362103
0 0.677414 0.6122271 0.0453042 0.0339781
0 0.6334325 0.5720486 0.0459656 0.0344742
0 0.682705 0.5654761 0.0492724 0.0367063
0 0.6456679 0.532118 0.0433201 0.0329861
0 0.6888227 0.531622 0.042328 0.03249
0 0.6451719 0.4929315 0.0462962 0.0364583
0 0.6913029 0.4929315 0.0459656 0.0349702
0 0.6309523 0.4590773 0.0496031 0.0367063
0 0.6817129 0.4551091 0.0472883 0.0352182
0 0.6006944 0.4306795 0.0426587 0.0329861
0 0.6388888 0.4135664 0.0469576 0.0349702
0 0.6891534 0.4165426 0.0509259 0.0379464
