0 0.4563492 0.4262152 0.0496031 0.0374503
0 0.510582 0.4264632 0.0496031 0.0379464
0 0.4594907 0.4618055 0.0446428 0.0337301
0 0.4250992 0.485863 0.0393518 0.0302579
0 0.4685846 0.4995039 0.0416666 0.031746
0 0.4694113 0.5311259 0.0380291 0.0285218
0 0.4303902 0.5342261 0.0406746 0.03125
0 0.4527116 0.5615079 0.0429894 0.0332341
0 0.4966931 0.562624 0.0416666 0.031994
0 0.4416335 0.59375 0.0380291 0.0292658
0 0.4879298 0.6020585 0.0426587 0.031994
0 0.5484457 0.6075148 0.0505952 0.0364583
0 0.5955687 0.6047867 0.0436507 0.03249
0 0.547619 0.5625 0.0502645 0.0376984
0 0.515873 0.5298859 0.0456349 0.03249
0 0.6421957 0.6018105 0.0469576 0.0344742
0 0.6064814 0.5725446 0.047619 0.0344742
0 0.6504629 0.5660962 0.0436507 0.031994
0 0.5944113 0.5395585 0.0472883 0.0349702
0 0.6498015 0.5306299 0.0469576 0.0344742
0 0.6489748 0.4961557 0.0466269 0.0344742
0 0.5998677 0.4921875 0.0429894 0.0329861
0 0.5522486 0.5039682 0.0449735 0.0332341
0 0.5074404 0.4760664 0.0459656 0.0354662
0 0.5449735 0.4525049 0.0443121 0.0339781
0 0.5914351 0.4582093 0.0486111 0.0359623
0 0.6550925 0.4565972 0.0443121 0.032738
0 0.6025132 0.422743 0.0482804 0.0364583
0 0.5555555 0.4151785 0.0449735 0.0342261
0 0.6580687 0.4175347 0.0515873 0.0389384
