0 0.4122023 0.407242 0.0744047 0.0560515
0 0.3374669 0.4392361 0.0631613 0.047123
0 0.3444113 0.4864831 0.0684523 0.048363
0 0.4108796 0.485119 0.0658068 0.0500992
0 0.3847552 0.5411706 0.0658068 0.0505952
0 0.4250992 0.5921378 0.0684523 0.0513392
0 0.3611111 0.6039186 0.0615079 0.0456349
0 0.3786375 0.6533978 0.0661375 0.0503472
0 0.4550264 0.6664186 0.0667989 0.0505952
0 0.4933862 0.625992 0.0681216 0.0491071
0 0.5325727 0.6796875 0.0631613 0.0498511
0 0.5525793 0.6359126 0.0588624 0.0456349
0 0.5330687 0.5842013 0.0681216 0.047867
0 0.4966931 0.5303819 0.0720899 0.0528273
0 0.5801917 0.5446428 0.0644841 0.0486111
0 0.6056547 0.5869295 0.0625 0.046875
0 0.6074735 0.6803075 0.0608465 0.047619
0 0.6789021 0.6856398 0.0648148 0.047867
0 0.6618716 0.6393849 0.0671296 0.0491071
0 0.6909722 0.5881696 0.0618386 0.047867
0 0.7000661 0.5198412 0.0661375 0.0496031
0 0.4871031 0.4474206 0.0701058 0.0515873
0 0.5406746 0.4877232 0.0601851 0.0448908
0 0.6228505 0.4955357 0.0565476 0.0421626
0 0.7215608 0.4713541 0.0562169 0.0414186
0 0.6622023 0.4454365 0.0578703 0.0421626
0 0.5765542 0.4503968 0.0625 0.0441468
0 0.5388558 0.4124503 0.0572089 0.0436507
0 0.6162367 0.406746 0.0737433 0.0530753
0 0.720238 0.4107142 0.0714285 0.0540674
