0 0.4145171 0.3964533 0.0545634 0.0429067
0 0.4773478 0.3861607 0.0558862 0.0416666
0 0.4776785 0.4305555 0.0565476 0.0421626
0 0.42791 0.4453125 0.0509259 0.0389384
0 0.3791335 0.4317956 0.0539021 0.0401785
0 0.3578042 0.4771825 0.047619 0.0352182
0 0.4098875 0.4961557 0.0565476 0.0414186
0 0.4710648 0.4874751 0.0539021 0.0394345
0 0.4236111 0.5353422 0.0548941 0.0404265
0 0.3640873 0.5282738 0.0535714 0.0401785
0 0.4771825 0.5365823 0.0522486 0.0404265
0 0.3832671 0.5695684 0.0648148 0.047371
0 0.4396494 0.5830853 0.0539021 0.0406746
0 0.3434193 0.6112351 0.0532407 0.0404265
0 0.40625 0.6426091 0.0512566 0.0376984
0 0.4576719 0.6314484 0.0555555 0.0426587
0 0.5097552 0.6355406 0.0486111 0.0374503
0 0.4920634 0.6004464 0.0535714 0.0396825
0 0.5552248 0.6557539 0.0568783 0.0421626
0 0.604828 0.6467013 0.0462962 0.0369543
0 0.604332 0.6059027 0.0525793 0.0411706
0 0.5502645 0.6051587 0.0555555 0.0421626
0 0.547619 0.5598958 0.0562169 0.0419146
0 0.6068121 0.563616 0.058201 0.0434027
0 0.6030092 0.5209573 0.0565476 0.0414186
0 0.5386904 0.5086805 0.0548941 0.0396825
0 0.5287698 0.4680059 0.0555555 0.0431547
0 0.600033 0.4747023 0.0638227 0.047619
0 0.5441468 0.4249751 0.0539021 0.0419146
0 0.6058201 0.4093501 0.0548941 0.0419146
