0 0.505291 0.4016617 0.0482804 0.0364583
0 0.4937169 0.438616 0.0522486 0.0389384
0 0.5502645 0.4177827 0.0502645 0.0379464
0 0.5573743 0.4549851 0.0486111 0.0369543
0 0.5267857 0.4861111 0.0489417 0.0362103
0 0.464451 0.4712301 0.0512566 0.0381944
0 0.4300595 0.500992 0.0545634 0.0401785
0 0.4864417 0.5115327 0.0515873 0.0379464
0 0.4548611 0.5396825 0.0466269 0.0362103
0 0.4087301 0.5496031 0.0489417 0.0376984
0 0.4618055 0.5767609 0.0539021 0.0394345
0 0.5130621 0.5833333 0.0505952 0.0386904
0 0.5674603 0.6077628 0.0449735 0.0344742
0 0.5509259 0.5600198 0.0456349 0.0357142
0 0.505291 0.5448908 0.0469576 0.0352182
0 0.5514219 0.5243055 0.0486111 0.0367063
0 0.5755621 0.4925595 0.0525793 0.0362103
0 0.600033 0.531622 0.0519179 0.0394345
0 0.6071428 0.422123 0.0449735 0.0332341
0 0.6137566 0.4634176 0.058201 0.0429067
0 0.6243386 0.501116 0.0449735 0.0339781
0 0.6059854 0.5830853 0.0459656 0.0352182
0 0.6456679 0.5613839 0.0519179 0.0384424
0 0.6770833 0.5819692 0.0393518 0.0295138
0 0.7025462 0.5535714 0.0539021 0.0396825
0 0.6595568 0.5245535 0.0512566 0.0372023
0 0.703869 0.5097966 0.0492724 0.0349702
0 0.6669973 0.4889632 0.0482804 0.0349702
0 0.7123015 0.4744543 0.0502645 0.0372023
0 0.6650132 0.453125 0.0489417 0.0367063
