0 0.3609457 0.5071924 0.0499338 0.0372023
0 0.407738 0.4805307 0.0535714 0.0404265
0 0.4090608 0.5283978 0.0482804 0.0374503
0 0.4250992 0.5651041 0.0525793 0.0399305
0 0.3670634 0.5694444 0.05291 0.0386904
0 0.4424603 0.4428323 0.0509259 0.0369543
0 0.46875 0.4765625 0.0519179 0.0394345
0 0.5044642 0.4502728 0.0479497 0.0379464
0 0.5517526 0.4425843 0.0479497 0.0339781
0 0.5431547 0.4768105 0.0466269 0.0349702
0 0.5008267 0.5052083 0.0492724 0.0362103
0 0.4576719 0.5285218 0.0489417 0.0372023
0 0.4712301 0.5610119 0.042328 0.032738
0 0.5094246 0.5429067 0.0486111 0.0347222
0 0.4530423 0.5958581 0.0469576 0.0354662
0 0.4985119 0.5906498 0.0453042 0.0344742
0 0.484623 0.6222718 0.0433201 0.032738
0 0.5514219 0.5886656 0.0472883 0.0364583
0 0.610119 0.6139632 0.0456349 0.0339781
0 0.5570436 0.5519593 0.0519179 0.0389384
0 0.5958994 0.5700644 0.0416666 0.0310019
0 0.6537698 0.5771329 0.05291 0.0376984
0 0.6764219 0.5438988 0.0525793 0.0372023
0 0.6071428 0.5349702 0.058201 0.0436507
0 0.558697 0.5131448 0.0532407 0.0401785
0 0.6079695 0.4931795 0.0525793 0.0384424
0 0.6473214 0.5145089 0.0426587 0.0344742
0 0.6946097 0.4950396 0.0552248 0.0411706
0 0.6529431 0.469122 0.0578703 0.0429067
0 0.6059854 0.4450644 0.0472883 0.0344742
