0 0.3009259 0.5288938 0.0496031 0.0359623
0 0.3526785 0.532366 0.0539021 0.0399305
0 0.3857473 0.50062 0.0552248 0.0409226
0 0.3533399 0.4666418 0.0565476 0.0414186
0 0.3969907 0.4423363 0.0532407 0.0399305
0 0.4083994 0.4051339 0.0509259 0.0369543
0 0.4462632 0.4303075 0.0505952 0.0372023
0 0.4732142 0.4589533 0.047619 0.0354662
0 0.4265873 0.4765625 0.05291 0.0384424
0 0.4983465 0.360863 0.0502645 0.0386904
0 0.4945436 0.3981894 0.0486111 0.0364583
0 0.5575396 0.3874007 0.0482804 0.0357142
0 0.5185185 0.4448164 0.0502645 0.0379464
0 0.4722222 0.4945436 0.0436507 0.0352182
0 0.433201 0.5119047 0.0469576 0.0352182
0 0.4070767 0.5437748 0.0502645 0.0384424
0 0.3867394 0.5808531 0.0539021 0.0411706
0 0.4439484 0.5688244 0.0446428 0.0334821
0 0.4667658 0.5999503 0.0492724 0.0367063
0 0.4735449 0.5432787 0.0469576 0.0354662
0 0.5100859 0.5187251 0.0545634 0.0399305
0 0.5785383 0.4391121 0.0539021 0.0399305
0 0.5525793 0.4749503 0.0522486 0.0411706
0 0.604332 0.4727182 0.0512566 0.0391865
0 0.568783 0.5116567 0.0502645 0.0376984
0 0.6198743 0.5225694 0.0426587 0.031746
0 0.5879629 0.5462549 0.0496031 0.0364583
0 0.5408399 0.546875 0.0459656 0.0357142
0 0.5097552 0.5771329 0.0552248 0.0421626
0 0.5696097 0.5911458 0.0472883 0.0349702
