0 0.4462632 0.4160466 0.0519179 0.0394345
0 0.407738 0.4446924 0.0568783 0.0426587
0 0.3591269 0.4842509 0.0509259 0.0394345
0 0.4277447 0.4820188 0.0539021 0.0404265
0 0.3938492 0.5132688 0.0542328 0.0394345
0 0.4937169 0.4288194 0.0429894 0.032738
0 0.4826388 0.4729662 0.0545634 0.0401785
0 0.4619708 0.5142609 0.0575396 0.0448908
0 0.4156746 0.547123 0.0496031 0.0376984
0 0.4636243 0.5527033 0.0482804 0.0349702
0 0.4520502 0.5885416 0.0522486 0.0391865
0 0.3751653 0.5901537 0.0525793 0.0389384
0 0.4515542 0.6215277 0.0380291 0.0292658
0 0.4730489 0.6550099 0.0591931 0.0436507
0 0.5588624 0.65687 0.0608465 0.047371
0 0.5117394 0.625496 0.0492724 0.0386904
0 0.5562169 0.6057787 0.0502645 0.0374503
0 0.5145502 0.5870535 0.0496031 0.0381944
0 0.5567129 0.5693204 0.0479497 0.0354662
0 0.5112433 0.5425347 0.0496031 0.0384424
0 0.5125661 0.5035962 0.0482804 0.0349702
0 0.5281084 0.453249 0.0515873 0.0389384
0 0.5504298 0.4205109 0.0453042 0.0349702
0 0.5763888 0.4582093 0.0469576 0.0354662
0 0.6185515 0.4827628 0.0525793 0.0389384
0 0.5601851 0.4924355 0.0522486 0.0364583
0 0.5616732 0.531374 0.0552248 0.0414186
0 0.6155753 0.5305059 0.0525793 0.0372023
0 0.6111111 0.5656001 0.047619 0.0354662
0 0.6049933 0.6083829 0.0492724 0.0376984
