0 0.4378306 0.4264632 0.0469576 0.0354662
0 0.4146825 0.4561011 0.0443121 0.0332341
0 0.4626322 0.468874 0.0535714 0.0394345
0 0.5348875 0.4248511 0.0433201 0.032242
0 0.4872685 0.4210069 0.0453042 0.0349702
0 0.5150462 0.4626736 0.0505952 0.0384424
0 0.4229497 0.50062 0.047619 0.0359623
0 0.4708994 0.5085565 0.0449735 0.0344742
0 0.4186507 0.5436507 0.0575396 0.0421626
0 0.480324 0.5515873 0.0439814 0.0332341
0 0.4211309 0.5885416 0.0472883 0.0362103
0 0.4760251 0.5959821 0.0466269 0.0352182
0 0.4135251 0.6283482 0.0426587 0.03249
0 0.4718915 0.6313244 0.047619 0.0359623
0 0.5191798 0.6226438 0.042328 0.0310019
0 0.5692791 0.6227678 0.0453042 0.0342261
0 0.5224867 0.5874255 0.042328 0.031994
0 0.5704365 0.5845734 0.0436507 0.032738
0 0.526951 0.5499751 0.0492724 0.0379464
0 0.5773809 0.547247 0.0449735 0.0334821
0 0.6299603 0.6277281 0.0469576 0.0357142
0 0.6233465 0.5848214 0.0456349 0.0332341
0 0.6248346 0.5496031 0.0492724 0.0367063
0 0.6334325 0.5104166 0.0519179 0.0386904
0 0.5806878 0.5102926 0.0469576 0.0334821
0 0.532242 0.5095486 0.0499338 0.0374503
0 0.5701058 0.4703621 0.0509259 0.0374503
0 0.6279761 0.4714781 0.0522486 0.0396825
0 0.5844907 0.4332837 0.0525793 0.0386904
0 0.635582 0.4335317 0.0502645 0.0372023
